[gd_scene load_steps=2 format=3 uid="uid://drk0tk1xg2vas"]

[ext_resource type="PackedScene" uid="uid://dxh0c42c5nf63" path="res://models/Panda.glb" id="1_3rtsy"]

[node name="Character" instance=ExtResource("1_3rtsy")]

[node name="Skeleton3D" parent="RootNode/CharacterArmature" index="0"]
bones/1/position = Vector3(0.00421468, 0.00741484, -0.00544379)
bones/1/rotation = Quaternion(1.02099e-05, -0.0367449, 0.999325, -1.75655e-06)
bones/3/position = Vector3(2.5786e-05, 0.0127292, -0.00042663)
bones/3/rotation = Quaternion(0.13844, 1.18061e-07, 8.2517e-08, 0.990371)
bones/5/rotation = Quaternion(-0.0235897, 4.4193e-07, -1.74046e-08, 0.999722)
bones/6/rotation = Quaternion(0.0727036, -0.0802668, 0.0447784, 0.993109)
bones/7/rotation = Quaternion(0.131502, 1.40687e-06, 0.000141847, 0.991316)
bones/8/rotation = Quaternion(-0.0620521, -0.000605034, -0.000963419, 0.998072)
bones/10/position = Vector3(0.00347682, 0.00197676, -7.69827e-05)
bones/10/rotation = Quaternion(-0.0451894, -0.0203066, -0.409405, 0.911007)
bones/11/rotation = Quaternion(-0.475474, -0.609153, -0.619211, 0.13941)
bones/12/rotation = Quaternion(-0.0514717, 0.0662494, -0.604681, 0.792037)
bones/13/rotation = Quaternion(0.00187631, 0.0245596, 0.281965, 0.959109)
bones/22/rotation = Quaternion(-0.611043, 0.00879342, 0.0508536, 0.789913)
bones/28/position = Vector3(-0.00347359, 0.00197588, -7.75538e-05)
bones/28/rotation = Quaternion(-0.0451892, 0.0203072, 0.409405, 0.911007)
bones/29/rotation = Quaternion(-0.629168, 0.0848177, 0.354902, 0.686293)
bones/30/rotation = Quaternion(0.167757, -0.38564, 0.365203, 0.830522)
bones/33/rotation = Quaternion(-0.56826, -0.0550384, -0.0669701, 0.818271)
bones/46/rotation = Quaternion(0.973615, 0.0292352, -0.00054207, -0.226317)
bones/47/rotation = Quaternion(0.749064, 0.0134995, 0.0110667, 0.662268)
bones/49/rotation = Quaternion(0.661911, -0.0201798, -0.00466625, 0.749297)
bones/50/rotation = Quaternion(0.420269, -0.00792261, -0.0155545, 0.907232)
bones/52/position = Vector3(0.00417363, -0.00523875, 0.0195892)
bones/52/rotation = Quaternion(0.329888, 1.12536e-07, 1.96629e-07, 0.94402)
bones/54/position = Vector3(-0.00418341, 0.00399547, 0.00335971)
bones/54/rotation = Quaternion(-1.67478e-05, 0.992407, 0.122997, -1.42699e-05)
bones/56/position = Vector3(-0.00414224, 0.00715809, 0.0241553)
bones/56/rotation = Quaternion(2.31478e-20, -5.96047e-07, -3.38813e-21, 1)

[node name="Foot_L_end" parent="RootNode/CharacterArmature/Skeleton3D" index="0"]
transform = Transform3D(-1, 2.75802e-06, 2.10435e-05, -2.07841e-05, 0.0734405, -0.9973, -4.29601e-06, -0.9973, -0.0734405, 0.00419898, 0.00856423, 0.00330218)

[node name="Head_end" parent="RootNode/CharacterArmature/Skeleton3D" index="1"]
transform = Transform3D(0.983161, -0.119222, -0.138495, -0.174804, -0.392618, -0.902936, 0.0532743, 0.911941, -0.406848, -0.00195533, -0.00318259, 0.031424)

[node name="Pinky3_L_end" parent="RootNode/CharacterArmature/Skeleton3D" index="2"]
transform = Transform3D(-0.310723, -0.731548, -0.606868, 0.261419, 0.548077, -0.794527, 0.913844, -0.405525, 0.020941, 0.00304425, -0.0105562, 0.0138495)

[node name="Middle3_L_end" parent="RootNode/CharacterArmature/Skeleton3D" index="3"]
transform = Transform3D(-0.0931805, -0.505086, -0.858024, 0.488512, 0.727721, -0.481433, 0.867567, -0.464016, 0.178931, 0.00218167, -0.0094254, 0.0151886)

[node name="Index3_L_end" parent="RootNode/CharacterArmature/Skeleton3D" index="4"]
transform = Transform3D(0.0409846, -0.328713, -0.943541, 0.629625, 0.741743, -0.231062, 0.775817, -0.584607, 0.237366, 0.00267783, -0.00888935, 0.017347)

[node name="Thumb2_L_end" parent="RootNode/CharacterArmature/Skeleton3D" index="5"]
transform = Transform3D(-0.437932, -0.884398, -0.161412, 0.754649, -0.26406, -0.600647, 0.488588, -0.384852, 0.783052, 0.00274633, -0.00685961, 0.0188692)

[node name="Pinky3_R_end" parent="RootNode/CharacterArmature/Skeleton3D" index="6"]
transform = Transform3D(-0.659179, 0.75192, -0.00998448, 0.582879, 0.519286, 0.624975, 0.475115, 0.40615, -0.780581, -0.00907295, 0.0153568, 0.0104444)

[node name="Middle3_R_end" parent="RootNode/CharacterArmature/Skeleton3D" index="7"]
transform = Transform3D(-0.617041, 0.671368, 0.410517, 0.757576, 0.365637, 0.540729, 0.212928, 0.64465, -0.734226, -0.00735913, 0.0144656, 0.0101533)

[node name="Index3_R_end" parent="RootNode/CharacterArmature/Skeleton3D" index="8"]
transform = Transform3D(-0.572894, 0.511753, 0.640235, 0.819547, 0.34663, 0.456278, 0.011577, 0.786102, -0.617988, -0.00677154, 0.0124076, 0.00937155)

[node name="Thumb2_R_end" parent="RootNode/CharacterArmature/Skeleton3D" index="9"]
transform = Transform3D(-0.920206, 0.391428, -0.00218101, 0.378529, 0.888434, -0.259616, -0.0996834, -0.239726, -0.965709, -0.00516801, 0.010517, 0.00991574)

[node name="LowerLeg_L_end" parent="RootNode/CharacterArmature/Skeleton3D" index="10"]
transform = Transform3D(0.999678, -0.0155654, -0.0200686, -0.00498356, 0.654605, -0.755957, 0.0249036, 0.755818, 0.654312, 0.00419979, 0.00829015, 0.00736281)

[node name="LowerLeg_R_end" parent="RootNode/CharacterArmature/Skeleton3D" index="11"]
transform = Transform3D(0.999174, -0.01898, -0.0359412, 0.0207749, -0.521558, 0.852964, -0.0349346, -0.853013, -0.520725, -0.0041978, -0.000569306, 0.00398445)

[node name="PoleTarget_L_end" parent="RootNode/CharacterArmature/Skeleton3D" index="12"]
transform = Transform3D(1, 5.68434e-14, 7.15256e-07, 5.59579e-07, -0.622842, -0.782348, 4.45491e-07, 0.782348, -0.622842, 0.00415793, -0.0196128, -0.0016962)

[node name="Foot_R_end" parent="RootNode/CharacterArmature/Skeleton3D" index="13"]
transform = Transform3D(-1, -2.9582e-05, -3.28727e-05, -2.46564e-05, -0.244126, 0.969743, -3.6712e-05, 0.969744, 0.244126, -0.00419924, -0.00153965, 0.00793744)

[node name="PoleTarget_R_end" parent="RootNode/CharacterArmature/Skeleton3D" index="14"]
transform = Transform3D(1, 7.10543e-14, -7.15256e-07, -7.15256e-07, -1.19209e-07, -1, -1.42109e-13, 1, -1.19209e-07, -0.00415793, -0.0213356, 0.0116942)
