[gd_scene load_steps=2 format=3 uid="uid://drk0tk1xg2vas"]

[ext_resource type="PackedScene" uid="uid://dxh0c42c5nf63" path="res://models/Panda.glb" id="1_3rtsy"]

[node name="Character" instance=ExtResource("1_3rtsy")]

[node name="Skeleton3D" parent="RootNode/CharacterArmature" index="0"]
bones/1/position = Vector3(0.004214679, 0.00741484, -0.0054437914)
bones/1/rotation = Quaternion(1.0209927e-05, -0.036744922, 0.99932474, -1.7565517e-06)
bones/3/position = Vector3(2.578603e-05, 0.012729173, -0.00042663034)
bones/3/rotation = Quaternion(0.13843974, 1.1806141e-07, 8.2517005e-08, 0.99037087)
bones/5/rotation = Quaternion(-0.023589674, 4.4193015e-07, -1.7404622e-08, 0.9997218)
bones/6/rotation = Quaternion(0.07270362, -0.08026685, 0.044778362, 0.99310946)
bones/7/rotation = Quaternion(0.13150224, 1.4068737e-06, 0.00014184666, 0.9913159)
bones/8/rotation = Quaternion(-0.06205215, -0.000605034, -0.00096341874, 0.99807227)
bones/10/position = Vector3(0.0034768244, 0.0019767568, -7.698267e-05)
bones/10/rotation = Quaternion(-0.045189396, -0.020306608, -0.40940455, 0.9110069)
bones/11/rotation = Quaternion(-0.47547376, -0.60915333, -0.6192107, 0.13940959)
bones/12/rotation = Quaternion(-0.05147166, 0.066249385, -0.6046808, 0.7920372)
bones/13/rotation = Quaternion(0.0018763142, 0.024559638, 0.28196478, 0.95910865)
bones/22/rotation = Quaternion(-0.6110431, 0.008793422, 0.050853588, 0.7899133)
bones/28/position = Vector3(-0.0034735887, 0.0019758772, -7.7553836e-05)
bones/28/rotation = Quaternion(-0.045189198, 0.020307207, 0.40940475, 0.91100687)
bones/29/rotation = Quaternion(-0.62916833, 0.0848177, 0.35490182, 0.6862929)
bones/30/rotation = Quaternion(0.1677569, -0.3856396, 0.36520332, 0.83052176)
bones/33/rotation = Quaternion(-0.5682597, -0.055038422, -0.06697006, 0.8182707)
bones/46/rotation = Quaternion(0.97361475, 0.029235244, -0.0005420703, -0.22631733)
bones/47/rotation = Quaternion(0.74906385, 0.013499504, 0.011066738, 0.66226786)
bones/49/rotation = Quaternion(0.66191065, -0.020179806, -0.004666245, 0.74929655)
bones/50/rotation = Quaternion(0.4202692, -0.007922613, -0.01555454, 0.9072317)
bones/52/position = Vector3(0.0041736285, -0.005238752, 0.019589169)
bones/52/rotation = Quaternion(0.32988796, 1.1253599e-07, 1.9662855e-07, 0.94402015)
bones/54/position = Vector3(-0.004183411, 0.003995471, 0.0033597117)
bones/54/rotation = Quaternion(-1.6747823e-05, 0.99240714, 0.12299666, -1.4269943e-05)
bones/56/position = Vector3(-0.004142236, 0.0071580913, 0.024155295)
bones/56/rotation = Quaternion(2.3147825e-20, -5.960465e-07, -3.3881318e-21, 1)

[node name="Foot_L_end" parent="RootNode/CharacterArmature/Skeleton3D" index="0"]
transform = Transform3D(-1, 2.7580193e-06, 2.1043454e-05, -2.0784077e-05, 0.07344047, -0.99729955, -4.296012e-06, -0.9972996, -0.07344047, 0.004198981, 0.008564225, 0.0033021835)

[node name="Head_end" parent="RootNode/CharacterArmature/Skeleton3D" index="1"]
transform = Transform3D(0.98316073, -0.11922206, -0.13849486, -0.17480427, -0.39261827, -0.90293604, 0.05327425, 0.91194123, -0.4068475, -0.0019553262, -0.003182587, 0.03142398)

[node name="Pinky3_L_end" parent="RootNode/CharacterArmature/Skeleton3D" index="2"]
transform = Transform3D(-0.31072265, -0.7315477, -0.60686827, 0.26141903, 0.5480765, -0.79452664, 0.9138438, -0.40552485, 0.020940961, 0.0030442453, -0.01055617, 0.013849482)

[node name="Middle3_L_end" parent="RootNode/CharacterArmature/Skeleton3D" index="3"]
transform = Transform3D(-0.09318054, -0.5050857, -0.8580241, 0.48851207, 0.727721, -0.4814334, 0.86756694, -0.46401593, 0.1789311, 0.002181669, -0.009425402, 0.015188647)

[node name="Index3_L_end" parent="RootNode/CharacterArmature/Skeleton3D" index="4"]
transform = Transform3D(0.040984556, -0.32871303, -0.94354063, 0.6296253, 0.74174315, -0.23106173, 0.7758167, -0.5846074, 0.23736605, 0.0026778332, -0.008889345, 0.017346991)

[node name="Thumb2_L_end" parent="RootNode/CharacterArmature/Skeleton3D" index="5"]
transform = Transform3D(-0.43793246, -0.88439846, -0.16141206, 0.75464946, -0.2640603, -0.6006466, 0.48858792, -0.38485226, 0.7830516, 0.002746332, -0.0068596127, 0.018869234)

[node name="Pinky3_R_end" parent="RootNode/CharacterArmature/Skeleton3D" index="6"]
transform = Transform3D(-0.65917856, 0.75192, -0.009984481, 0.5828791, 0.5192862, 0.62497455, 0.47511545, 0.40615034, -0.78058124, -0.00907295, 0.015356754, 0.0104443645)

[node name="Middle3_R_end" parent="RootNode/CharacterArmature/Skeleton3D" index="7"]
transform = Transform3D(-0.6170412, 0.67136836, 0.41051698, 0.757576, 0.36563727, 0.5407285, 0.2129277, 0.6446499, -0.7342262, -0.007359126, 0.014465588, 0.0101533495)

[node name="Index3_R_end" parent="RootNode/CharacterArmature/Skeleton3D" index="8"]
transform = Transform3D(-0.57289445, 0.511753, 0.64023507, 0.8195471, 0.34663, 0.4562784, 0.011577002, 0.7861024, -0.6179884, -0.006771545, 0.0124075655, 0.009371545)

[node name="Thumb2_R_end" parent="RootNode/CharacterArmature/Skeleton3D" index="9"]
transform = Transform3D(-0.92020607, 0.39142832, -0.0021810145, 0.3785292, 0.88843375, -0.2596157, -0.09968343, -0.2397258, -0.9657094, -0.0051680147, 0.010517009, 0.00991574)

[node name="LowerLeg_L_end" parent="RootNode/CharacterArmature/Skeleton3D" index="10"]
transform = Transform3D(0.9996785, -0.01556537, -0.020068586, -0.004983561, 0.6546047, -0.7559571, 0.024903648, 0.75581807, 0.65431195, 0.0041997875, 0.008290149, 0.007362811)

[node name="LowerLeg_R_end" parent="RootNode/CharacterArmature/Skeleton3D" index="11"]
transform = Transform3D(0.9991739, -0.018980036, -0.035941187, 0.020774916, -0.5215575, 0.85296357, -0.034934554, -0.85301304, -0.52072453, -0.0041977954, -0.00056930596, 0.0039844546)

[node name="PoleTarget_L_end" parent="RootNode/CharacterArmature/Skeleton3D" index="12"]
transform = Transform3D(1, 5.684342e-14, 7.152557e-07, 5.595787e-07, -0.6228418, -0.7823478, 4.4549108e-07, 0.7823478, -0.6228418, 0.004157931, -0.019612776, -0.0016962027)

[node name="Foot_R_end" parent="RootNode/CharacterArmature/Skeleton3D" index="13"]
transform = Transform3D(-1, -2.9581965e-05, -3.287269e-05, -2.4656363e-05, -0.24412574, 0.9697435, -3.671199e-05, 0.96974355, 0.24412574, -0.004199238, -0.0015396453, 0.007937437)

[node name="PoleTarget_R_end" parent="RootNode/CharacterArmature/Skeleton3D" index="14"]
transform = Transform3D(1, 7.105428e-14, -7.152559e-07, -7.152558e-07, -1.1920929e-07, -0.99999994, -1.4210857e-13, 0.99999994, -1.1920929e-07, -0.004157931, -0.021335587, 0.011694238)
