[gd_scene load_steps=12 format=3 uid="uid://dl2ed4gkybggf"]

[ext_resource type="Script" uid="uid://br1k30d32naot" path="res://scripts/player.gd" id="1_ffboj"]
[ext_resource type="PackedScene" uid="uid://c0e27836xgmhi" path="res://objects/character.tscn" id="2_nero3"]
[ext_resource type="Texture2D" uid="uid://8ggihh27mlrr" path="res://sprites/blob_shadow.png" id="3_0c7wt"]
[ext_resource type="PackedScene" uid="uid://drk0tk1xg2vas" path="res://objects/character2.tscn" id="3_3rerk"]
[ext_resource type="ArrayMesh" uid="uid://deu06eho4c74" path="res://meshes/dust.res" id="4_mvhqy"]
[ext_resource type="AudioStream" uid="uid://cydjn1ct3hps2" path="res://sounds/walking.ogg" id="5_ics1s"]

[sub_resource type="CapsuleShape3D" id="CapsuleShape3D_gdq8c"]
radius = 0.3
height = 1.0

[sub_resource type="StandardMaterial3D" id="StandardMaterial3D_q7stj"]
diffuse_mode = 2
specular_mode = 2
metallic_specular = 0.0
backlight = Color(0, 0.521569, 0.709804, 1)
billboard_keep_scale = true
grow_amount = 1.882
proximity_fade_distance = 0.25

[sub_resource type="Curve" id="Curve_xh1e2"]
_data = [Vector2(0, 0), 0.0, 0.0, 0, 0, Vector2(0.249284, 1), 0.0, 0.0, 0, 0, Vector2(1, 0), 0.0, 0.0, 0, 0]
point_count = 3

[sub_resource type="CurveTexture" id="CurveTexture_f46kd"]
curve = SubResource("Curve_xh1e2")

[sub_resource type="ParticleProcessMaterial" id="ParticleProcessMaterial_3rerk"]
particle_flag_align_y = true
emission_shape = 1
emission_sphere_radius = 0.2
direction = Vector3(0, 0, 0)
gravity = Vector3(0, 0.1, 0)
scale_min = 0.75
scale_curve = SubResource("CurveTexture_f46kd")

[node name="Player" type="CharacterBody3D"]
script = ExtResource("1_ffboj")

[node name="Collider" type="CollisionShape3D" parent="."]
transform = Transform3D(1, 0, 0, 0, 1, 0, 0, 0, 1, 0, 0.55, 0)
shape = SubResource("CapsuleShape3D_gdq8c")

[node name="Character2" parent="." instance=ExtResource("2_nero3")]
visible = false

[node name="leg-left" parent="Character2/character/root" index="0"]
transform = Transform3D(0.965926, 0, 0.258819, 0, 1, 0, -0.258819, 0, 0.965926, 0.125, 0.17625, -0.02375)

[node name="leg-right" parent="Character2/character/root" index="1"]
transform = Transform3D(0.965926, 0, -0.258819, 0, 1, 0, 0.258819, 0, 0.965926, -0.125, 0.17625, -0.02375)

[node name="torso" parent="Character2/character/root" index="2"]
transform = Transform3D(1, 0, 0, 0, 0.996194, 0.0871557, 0, -0.0871557, 0.996194, -1.80478e-15, 0.17625, -0.02375)

[node name="arm-left" parent="Character2/character/root/torso" index="0"]
transform = Transform3D(0.707107, 0.707107, 0, -0.707107, 0.707107, 0, 0, 0, 1, 0.3, 0.175, 0)

[node name="arm-right" parent="Character2/character/root/torso" index="1"]
transform = Transform3D(0.707107, -0.707107, 0, 0.707107, 0.707107, 0, 0, 0, 1, -0.3, 0.1195, 0)

[node name="Character" parent="." instance=ExtResource("3_3rerk")]
transform = Transform3D(0.34, 0, 0, 0, 0.34, 0, 0, 0, 0.34, 0, 0, 0)

[node name="Skeleton3D" parent="Character/RootNode/CharacterArmature" index="0"]
bones/1/position = Vector3(0.00421472, 0.000522035, -0.0005396)
bones/1/rotation = Quaternion(5.36217e-06, 0.705807, 0.708405, 5.70218e-06)
bones/3/position = Vector3(2.57861e-05, 0.0108715, -0.000464031)
bones/3/rotation = Quaternion(-4.63221e-21, 1.19209e-07, 8.47033e-22, 1)
bones/5/rotation = Quaternion(0.106297, 4.35398e-07, 6.55929e-08, 0.994334)
bones/6/rotation = Quaternion(0.0703949, -8.29699e-07, 1.62912e-08, 0.997519)
bones/7/rotation = Quaternion(0.130118, 1.0264e-06, 5.52529e-08, 0.991499)
bones/8/rotation = Quaternion(-0.0928466, -0.000274642, 2.54742e-05, 0.99568)
bones/10/position = Vector3(0.00345991, 0.00198118, -8.31637e-05)
bones/10/rotation = Quaternion(-0.0556172, 0.00293653, -0.410424, 0.910192)
bones/11/rotation = Quaternion(-0.502726, -0.52438, -0.455241, 0.514828)
bones/12/rotation = Quaternion(-0.00753776, 0.25867, -0.216153, 0.941441)
bones/28/position = Vector3(-0.00344462, 0.00198118, -8.31595e-05)
bones/28/rotation = Quaternion(-0.0556169, -0.00293594, 0.410424, 0.910192)
bones/29/rotation = Quaternion(-0.502725, 0.524381, 0.455241, 0.514828)
bones/30/rotation = Quaternion(-0.00753826, -0.25867, 0.216153, 0.941441)
bones/46/rotation = Quaternion(0.961934, 0.0136983, 0.00493403, 0.272894)
bones/47/rotation = Quaternion(0.626768, 0.0114418, 0.0131831, 0.779011)
bones/49/rotation = Quaternion(0.961934, -0.0136986, -0.00493494, 0.272894)
bones/50/rotation = Quaternion(0.626768, -0.0114419, -0.0131831, 0.779011)
bones/52/position = Vector3(0.00417363, 0.00350086, 0.0222472)
bones/52/rotation = Quaternion(-4.63221e-21, 1.19209e-07, -1.2818e-30, 1)
bones/54/position = Vector3(-0.0041833, 0.000522035, -0.000539604)
bones/54/rotation = Quaternion(-1.83905e-05, 0.705807, 0.708405, -1.79634e-05)
bones/56/position = Vector3(-0.00414224, 0.00350086, 0.0222472)
bones/56/rotation = Quaternion(2.31478e-20, -5.96047e-07, -3.38813e-21, 1)

[node name="Foot_L_end" parent="Character/RootNode/CharacterArmature/Skeleton3D" index="0"]
transform = Transform3D(-1, -1.146e-10, 1.56809e-05, -5.75052e-08, -0.999993, -0.00367447, 1.56808e-05, -0.00367453, 0.999993, 0.00419901, -0.000735447, 0.000478062)

[node name="Head_end" parent="Character/RootNode/CharacterArmature/Skeleton3D" index="1"]
transform = Transform3D(1, 9.51371e-11, -0.000550203, -0.000520989, -0.321521, -0.946902, -0.000176902, 0.946902, -0.321521, -7.64544e-06, -0.00296447, 0.0299461)

[node name="Pinky3_L_end" parent="Character/RootNode/CharacterArmature/Skeleton3D" index="2"]
transform = Transform3D(-0.466617, -0.821196, 0.32849, -0.870238, 0.492609, -0.00468543, -0.15797, -0.28805, -0.944496, 0.0150343, 0.00385146, 0.00540823)

[node name="Middle3_L_end" parent="Character/RootNode/CharacterArmature/Skeleton3D" index="3"]
transform = Transform3D(-0.532932, -0.842054, -0.0832308, -0.832644, 0.539388, -0.125556, 0.150618, 0.00238915, -0.988589, 0.0135052, 0.00264623, 0.00524967)

[node name="Index3_L_end" parent="Character/RootNode/CharacterArmature/Skeleton3D" index="4"]
transform = Transform3D(-0.569243, -0.746935, -0.343585, -0.746508, 0.644673, -0.164685, 0.344508, 0.162743, -0.92457, 0.013143, 0.000479953, 0.00585633)

[node name="Thumb2_L_end" parent="Character/RootNode/CharacterArmature/Skeleton3D" index="5"]
transform = Transform3D(-0.910216, -0.229946, 0.344428, -0.413179, 0.447823, -0.79293, 0.0280883, -0.864048, -0.502625, 0.0113578, -0.000947037, 0.00696025)

[node name="Pinky3_R_end" parent="Character/RootNode/CharacterArmature/Skeleton3D" index="6"]
transform = Transform3D(-0.466616, 0.821196, -0.328491, 0.870238, 0.492608, -0.00468622, 0.157969, -0.288052, -0.944496, -0.0150343, 0.00385146, 0.00540823)

[node name="Middle3_R_end" parent="Character/RootNode/CharacterArmature/Skeleton3D" index="7"]
transform = Transform3D(-0.53293, 0.842055, 0.0832299, 0.832646, 0.539385, -0.125557, -0.150619, 0.00238836, -0.988589, -0.0135052, 0.00264622, 0.00524967)

[node name="Index3_R_end" parent="Character/RootNode/CharacterArmature/Skeleton3D" index="8"]
transform = Transform3D(-0.569245, 0.746934, 0.343583, 0.746508, 0.644674, -0.164685, -0.344508, 0.162742, -0.92457, -0.013143, 0.000479956, 0.00585633)

[node name="Thumb2_R_end" parent="Character/RootNode/CharacterArmature/Skeleton3D" index="9"]
transform = Transform3D(-0.910215, 0.229928, -0.344443, 0.413184, 0.447823, -0.792927, -0.0280671, -0.864052, -0.502618, -0.0113578, -0.000947048, 0.00696024)

[node name="LowerLeg_L_end" parent="Character/RootNode/CharacterArmature/Skeleton3D" index="10"]
transform = Transform3D(0.999771, 0.0154437, 0.0148713, -0.0214397, 0.718929, 0.694757, 3.81949e-05, -0.69492, 0.71909, 0.00419848, 0.00333433, 0.000467292)

[node name="LowerLeg_R_end" parent="Character/RootNode/CharacterArmature/Skeleton3D" index="11"]
transform = Transform3D(0.99977, -0.0154466, -0.0148728, 0.0214429, 0.71893, 0.694754, -3.90672e-05, -0.69492, 0.71909, -0.00419849, 0.00333434, 0.000467293)

[node name="PoleTarget_L_end" parent="Character/RootNode/CharacterArmature/Skeleton3D" index="12"]
transform = Transform3D(1, 7.10543e-14, 7.15256e-07, 7.15256e-07, -1.19209e-07, -1, 2.84217e-14, 1, -1.19209e-07, 0.00415793, -0.0194275, 0.00803701)

[node name="Foot_R_end" parent="Character/RootNode/CharacterArmature/Skeleton3D" index="13"]
transform = Transform3D(-1, -1.27357e-10, -5.13787e-05, 1.8892e-07, -0.999993, -0.00367447, -5.13784e-05, -0.00367453, 0.999993, -0.00419901, -0.000735446, 0.000478062)

[node name="PoleTarget_R_end" parent="Character/RootNode/CharacterArmature/Skeleton3D" index="14"]
transform = Transform3D(1, 7.10543e-14, -7.15256e-07, -7.15256e-07, -1.19209e-07, -1, -1.42109e-13, 1, -1.19209e-07, -0.00415793, -0.0194275, 0.00803701)

[node name="Shadow" type="Decal" parent="."]
transform = Transform3D(1, 0, 0, 0, 1, 0, 0, 0, 1, 0, -0.9, 0)
visible = false
size = Vector3(1, 2, 1)
texture_albedo = ExtResource("3_0c7wt")
modulate = Color(1, 1, 1, 0.705882)
normal_fade = 0.5

[node name="ParticlesTrail" type="GPUParticles3D" parent="."]
physics_interpolation_mode = 2
material_override = SubResource("StandardMaterial3D_q7stj")
cast_shadow = 0
amount = 60
fixed_fps = 0
process_material = SubResource("ParticleProcessMaterial_3rerk")
draw_pass_1 = ExtResource("4_mvhqy")

[node name="SoundFootsteps" type="AudioStreamPlayer" parent="."]
stream = ExtResource("5_ics1s")
volume_db = -5.0
pitch_scale = 1.25
autoplay = true

[editable path="Character2"]
[editable path="Character"]
